119.082027548079168
129.184333920749481
138.892925316472116
124.206005092515568
149.341720093672365
145.820890049978914
86.605800736121125
138.057517909096703
109.926865350792767
110.010792587857381
158.116393693913466
166.461618656248305
111.772646686952328
136.720421375551553
138.814593408265182
116.158621324502420
129.675284383090116
110.666465696140364
144.584514351293478
114.939705365106263
119.383918997727292
140.833449423145254
123.824420875160399
115.135711693063072
124.667278921351738
137.564369253154894
113.047997405068941
138.095084098335434
135.858552490335768
152.278502141650307
117.380076664303303
121.480942340520656
107.812137257482064
132.144643736790727
148.130706907976446
118.281074875561828
107.414644189925610
129.967729324692925
125.107190312539061
113.267646634709962
130.439863777675640
114.572617727976422
102.397144760669676
119.883998198049511
118.603419782705231
120.744499406106399
153.169647034403368
112.128267626987252
119.919060189879758
141.631443093469557
106.496975228861871
135.455071874304423
120.402621576780376
130.462625249701773
119.363400914814733
127.412945522904522
121.461892712338638
157.102579364313812
120.205713485719372
130.255836006022065
118.050409449656300
115.291668797171440
138.399430408409245
112.247939060225875
130.036583323950595
131.771414789510686
114.303207000965841
137.640174378141609
132.943377699358365
120.330181615141086
114.337849617107508
135.476703487852916
118.118152038604933
115.894723564116759
90.661028175180888
128.166486497307716
118.291526015112055
116.790995493134957
97.199656777681994
124.131054647904719
129.354659855491889
116.642853445159346
114.498023193484912
115.684725590515598
119.214635688299950
131.218736349256659
98.309999086991965
99.036083278027959
120.658733391351660
124.661751562143678
108.897660197961159
145.294945575705583
125.050618670286255
132.044772953119690
115.419728147693121
103.947297716847572
107.066932334242864
125.820987266101810
139.791433877338875
118.664927807525004
