-74.54814155
-5.42069211
44.00332687
-22.12764799
40.11455771
63.24936167
-171.03388372
64.88962936
-110.68864820
-72.02402903
83.32365356
134.93454552
-94.22206326
53.93040571
41.50998174
-34.38293833
32.02555253
-84.41493011
77.98602240
-35.25760029
-12.64421417
79.13704179
-49.47617878
-29.51518330
10.54366494
31.16020387
-73.13421790
-14.07888231
23.66337188
94.48754657
-48.44844520
-15.99607947
-86.33156580
23.98956522
99.78791523
-42.77257605
-111.43666195
9.37978395
32.44716413
-101.24290537
-1.98641333
-32.93740631
-58.76283480
-46.03798703
-18.41522463
-1.90561109
117.47621104
-103.39167809
-92.64780881
91.24181710
-78.50015859
30.28934720
-24.79447406
49.60579898
-20.82368290
-6.03526253
-45.20012952
63.01008828
-0.79184516
-5.14745199
-15.97584376
-119.78394531
42.10758020
4.54225421
20.05103389
-33.11536542
-23.13072590
16.50929023
-19.37270134
-39.11059521
-41.95018228
72.67960569
-68.20657439
-39.86853973
-114.77698413
-6.96014903
21.34176482
-73.78643436
-136.77751881
-52.42954714
25.52053032
-72.36701242
-57.95548399
2.66311478
-68.94064949
63.65720047
-117.35140523
-101.26302514
-57.38548963
45.83952149
-43.87545683
111.81766155
18.06170642
35.40372917
-42.48652620
-73.95116317
-78.27280514
-22.67762864
72.78927641
-56.93419941
